M=1;
m=0.1;
l=0.5;

M1=3;
m1=1;
l1=0.7;