M=1;
m=0.1;
l=0.5;

M1=1.5;
m1=0.5;
l1=0.3;